10
3.9545897134921857 -3.8182027930403839
2.3434184203490060 -0.1163495789476965
1.2128949158717504 -1.3965614086181022
3.4932398826038700 0.5029015313004903
-2.0467389628672130 -0.3693196193239627
0.6510680387153283 -3.5763469180162337
0.9037014478472933 -0.9849844922751192
3.2043577608204385 1.8196222483974553
-0.4266652850111763 -2.1200910457371434
-1.1403662468827154 -1.3541692830885195
16
0.0 0.0
-1.0 0.0
-1.0 1.0
-2.0 1.0
-2.0 3.0
-1.0 3.0
-1.0 4.0
1.0 4.0
1.0 5.0
2.0 5.0
2.0 2.0
4.0 2.0
4.0 1.0
3.0 1.0
3.0 -1.0
0.0 -1.0