1000
-1.0244353003132005 -1.8122613853304541
-3.1866581069789230 2.5704116607807457
-1.5462917269797902 3.1929527793269052
1.3710452756885703 -2.3299224191078505
2.3299041018032769 0.1197552087491154
-2.4848567557473444 -0.4925092540087164
2.1845478184620504 0.4223730801605061
-1.7740158970281286 3.2232078336564234
3.2282379239214070 0.4575515109280053
2.4978222094789606 -0.9834426772159848
-1.8817138364088652 -0.0412369497982219
-2.5363086933800059 1.9084314115071246
2.6798946133658026 1.5305926850198004
-1.9800949105882486 2.5562175140865540
-1.5716391407062540 0.5641292627645820
1.1570337047632879 2.7165208309294195
3.1858493669495873 0.6368016768739082
-3.7428699926638132 0.4001588714895403
-1.2437008787227608 0.4495726684700978
3.1837609784741154 -0.1649925170958770
-2.3067038263223143 0.2455709150912799
0.6570944749745662 -1.1527879453002985
3.4284990761805885 2.2646033010102551
-1.9988329628044994 -1.0951267544602379
-1.0207510733860063 1.1754834570495190
-3.9482332735241688 0.0705017864517758
1.2049922378190301 -0.2297078592041260
-0.4498204405880371 1.7256724833373251
3.2375652430603541 -1.0537425577894171
-0.0259774053611546 -3.0536126610300460
0.7824917214859477 -1.5302234195199613
-3.5841860368175702 2.2184216098995355
-2.3715491264388344 0.9576351225348914
-1.8892394399322994 -1.3207139813014752
1.3380173277507650 -0.3525360926463748
-2.5488369037751779 2.6451699825261459
-3.0364467459231097 3.4982145994180742
3.3703491503100578 -3.8172666360022749
3.8214555860385166 -1.3430583019585596
-3.7075306389321110 0.1375457535782934
-3.0566248187690022 -2.4450307833017160
1.3633387156277630 -0.7106507666688877
2.1472366938210463 -0.9124892069881891
-3.8053794540529280 -2.6753312859265543
-2.5466404638961393 -1.2576378820245351
2.7692040076973168 -0.2116097276603517
-1.8939673266254022 2.2087381354986029
-2.1206005358387250 -0.0072854848236616
3.0032729881366684 -1.4236622954985290
-3.5495686314696551 2.5877809435699772
-0.5068747795696256 -0.6254725199007165
-0.8462748204792980 2.0584273733556770
0.8620042356847870 -2.7233890760934560
-1.8867809485062672 2.4584906363257453
-3.2634402534811633 -0.7584668851638412
-0.7978173520654090 -2.4524169038026065
-3.8998250461772841 -2.7772574648142703
-0.4955521945241150 0.1917727077970071
3.4227996639672877 -3.0807910749034413
3.6928274967637407 1.5559306688809773
2.5474568027740618 3.4071755550835654
0.9494256162558656 3.6613341476819894
-0.6653372680428538 -3.0321383768517425
-3.4879842042251390 -2.7811263255582732
0.1899432952416156 0.6443374300844775
0.3843056646405651 -3.8910272146929321
0.0533818597524078 -3.0230131560724907
-1.5582765869856834 1.2271478284450561
-2.8741645576532573 -1.4720685510785909
-1.5423211692485106 -2.2984040098538898
-3.6123752631733357 3.5506514840543772
-3.3964627734776780 0.9271936089479560
-0.8674584423472691 2.1398389293182625
-0.4071521039418613 -2.6566489519577656
2.5051989327428590 -0.1560617012396035
2.9181796910322735 1.5157445276485442
2.3807143943851914 3.1522422013458566
-1.5237535093241998 -1.7442793503061074
1.2417836080957496 0.0162999907125556
-1.1555094957694250 -0.8112214721894011
-0.9018466522712316 -0.0329651833238671
-0.3494894796562242 -3.0668853313519424
-3.9787952892478327 3.3282266329870414
-0.1807620611672913 -2.9621560892093912
-2.3241755749099742 0.2954861573956835
-3.0178330813701395 1.7529180951743575
-3.7745131413652144 -1.9932760945375110
-0.6924568151499768 -2.8512950922227054
1.6389109394909909 1.9091634097996710
-1.5250913121899750 3.0654035387979128
3.1517252767702777 1.0378707227085018
0.0052215065163006 -3.8635708344360360
-3.7980135568270219 -0.3011052728695187
0.8779077563927302 1.1448872183191856
3.1495666331946737 -3.5559853947071076
-1.2996866566881007 2.3066639324009746
-2.1576424510630501 1.5648724709326096
1.8564345064004311 -1.4326938863119612
3.5214710433722818 3.7029602321765145
-3.9006808278046696 -2.2176087816637775
-2.6086843916089748 3.4910214594741094
2.3430156213470124 0.0295478055851772
1.8544457104099177 -3.1968298775808375
3.0224705066878759 -2.3193230497801114
2.4207706336537660 2.8020891030977451
2.0001605564533440 0.2181404366373156
-2.7277178221050118 -2.0863715377612291
-0.5823578650758110 1.1807804137545652
-1.9303454966381137 -2.6520857728002118
-3.6489784546242987 3.5924364821919585
2.6896878111416909 1.3091144148640108
2.7713352241739999 -0.0883464197292989
-2.3795826160126277 2.8862745745498790
-0.1911638993177034 -1.2729177649137400
-2.9404779305805331 1.4644454786816139
3.1206629675877657 2.8827373846136357
1.8564576852694143 -3.0664965441454619
1.3143501724240263 3.2907004169928999
-0.9671945257154659 2.4713319184004732
0.2314548536435943 -2.5931192986733613
-2.0352678778421733 3.0442654874483370
-2.9007340778717738 -1.1140404018658794
-0.3071962863096456 3.5914794858163868
-0.8446571222717383 2.0062203156227252
-0.6560377431992706 3.3563455921964982
-3.6480044288626896 2.1193592872716280
-2.9328921861034321 3.3636430121500558
1.7209541395066967 0.5977454635871053
3.4724815832661813 -2.2921231653287695
-2.9986033289302165 -1.3328259742951536
-2.5530066769520587 -1.1842343017864501
3.5645926125832865 1.1170495082125962
3.5421233652518946 -2.5848627949763143
3.4790235732039205 0.7148563659497196
-0.7174385859694565 3.6920657905927738
2.5409176274407175 1.4306432146885717
0.0177073428515513 1.5169671536557416
0.6974913031007910 2.9586094411244170
-0.5757796138635998 -0.6152147303968434
-2.7028271163193143 -0.7557472211745742
-0.5499088691108396 3.7101060653170892
0.6424197989837452 2.4113640123413349
-2.7611352734951806 0.9892196622737170
-3.1351824910912702 1.1616400514158158
3.9619270182620197 3.9332098445478527
-3.7731926502922422 -3.7410273950563422
3.3783561676268894 -1.1294238679553619
-1.0657579873394800 -1.0116619514052854
1.0025281875571617 -1.1007290246949006
-3.1250747792770053 -2.5311497753880063
3.1187132305381216 -3.7422719538645923
0.5714959178123928 -0.7087676945852568
1.5056006639438833 -2.9578132589518855
-1.5085567949148873 1.6350877361010081
-3.6540608383306505 1.0584453990198783
2.1559782432588293 -1.8176004996851507
3.4378997965485629 -3.0190725554242013
3.5723303937532087 3.7934824031868057
-1.8714275104208289 -3.5938980964277665
2.5137445488831043 -1.7082612056492898
3.1917865972841835 3.6102840868957768
0.3358388949224853 2.9224778030101461
-2.3758508678014145 -3.3816647545709726
3.9760153237307208 2.3733927589577988
2.5548357620455073 0.6793930475833125
-3.4068412510981014 -1.8679022414371111
0.3028464350818600 -1.9422838256274257
-1.8948575172697364 2.9118195037002943
2.6591496799967729 -1.7520914173235038
-1.0455360296253620 -0.3326667563844952
-1.3557459880803222 1.6860245011281769
1.1652991188751471 -1.8623551755043044
-1.2183878945651987 -3.1374964742298364
-3.3025582814303975 -1.9558159851868870
2.6461656020179136 0.3211895452854794
-1.7766280046664846 -2.4151527509541779
0.9659947628588998 1.6074996104261414
0.5771868996150449 0.0927559544424543
-1.2401629824613689 -2.5754366945818798
-0.0456230974329470 2.7523771913888524
-0.9609431535764843 -2.5280528688522068
2.0614331978451270 2.5893442667040034
1.6608211561503774 -2.9327173282019352
0.0506790515871289 0.0705000724169125
-1.5030917161642998 -2.3949273992922793
-0.8568365152258473 -1.9286927936215505
3.6106735504747398 -3.8444598396361407
2.4593087779045559 -3.7428342858172838
-3.2828949226559514 3.8738478516133483
2.8552197150420042 -2.7369283574718422
-1.7202745559246342 2.2152351268600761
-0.4610343301291220 -0.5952578134604565
3.3459691918063124 -1.7769045754332291
0.4515083663132007 1.7938519905012162
1.0011799174168710 3.7009884101980743
-2.9292272808872406 -3.4761182668159032
0.6556052671739456 0.7694665401076444
-2.4629071289393814 -3.2263534603104898
2.0577938725163278 -3.9513187329482200
0.0311289314722254 3.8947622847895129
0.9824746392468331 3.8849410414003875
-0.3311849485972633 0.6415419566541374
-2.2728315153568541 3.0791156648885618
-3.8359373652374149 2.9289113410509566
3.3207605552257204 1.9785011710416560
1.0546448521535323 0.6455451915223920
-0.0914981949322975 -0.5011874979391759
-1.0285146723221903 0.0591607817843229
2.1835863492610459 2.2773550686335797
1.2707137787864786 -2.3650235048834221
-0.9552508128201023 -0.2129196508419833
-1.0668766345407859 2.3256672420360944
1.8917839089326094 -2.3567655090289916
-0.7328569626679027 0.7786215987639675
0.0020966911665710 0.4125834482812412
1.7003281908185652 1.1149193095745487
-0.2737078535428044 3.6632432619033022
0.2912165135840912 1.2934779959086864
1.6574070683162239 1.2627348399793643
3.2714195197777842 1.0558301971717139
3.3608217390928719 -1.1599666749523845
0.5635486752980503 -2.7099087085152167
-2.5665434147143049 -3.4769212461008783
3.7056084088547054 -1.6601923044312477
-0.5114721959690973 -2.3890933441234941
2.7361861047050748 -1.1085457082838452
-3.4699219414596634 -0.0041848387190360
1.3954720590037066 -0.1130154221028752
-1.0329208647021133 -3.7518850045923715
-0.3346760379051608 -1.6433477302078137
-3.3912790263350336 1.6347364513776297
1.6593377238291831 3.6494913336324224
0.0648176615490668 -2.5877101102760065
3.1108089297253487 -1.8006019235185171
2.9351419208036100 3.8542763918716201
-1.4649442341998791 -2.4922019895923375
0.6535810099611314 -2.9602146668618641
1.1416044648869441 2.6976874487327853
-2.2469365275774855 -3.6270521199239303
-0.8083181957072405 1.2136185295525737
-1.1783656175007939 -1.4549358697717452
2.0834602541468428 -1.7936744289174413
0.9776255497308339 1.2433683794398558
-2.1039543474940299 -3.9522789055614549
0.3141081699663433 -3.9349939886100467
-2.3388928115282885 1.6579756683732496
-3.8816849825453872 -0.1603479021397840
-0.9206200142937657 -3.5496525113638500
0.1267716846672267 2.4891940869616676
2.7086885841306287 2.3802563138130566
-1.3703932981324964 2.0621394649780802
-2.4023831085789995 3.5335394126787598
-2.4969136921031678 3.3627849954183215
1.7923800242484980 -0.0525884096670373
3.1312436191924720 -0.4298695144661790
-3.8502664909799575 1.6820620122867016
-2.3974288285311198 -0.8155358481006303
-2.6457973335323617 -3.9409416897761593
-3.2130968679294938 -1.3496455526876376
-0.1688411596187098 0.3950506322376395
-0.1016409456115959 -2.9125147749482210
3.1373648560590848 3.7287726293449950
2.0561602870733449 1.6877394913254422
3.6614928137026652 -2.5370221190231508
-2.4354124767468255 0.8578597700420207
-3.1138026507916861 -2.2671262102296348
-0.3504456815155610 0.1420745666924619
3.0041466074147687 -3.3887662672953338
2.7290129349170718 -3.2248425041731847
-3.9211348956481293 -3.3928027736506987
0.5221740785523412 3.0654539467049249
-2.3524898350124248 0.3730568094320690
-1.9997508416041292 -3.1076985278473099
-0.6861793347680276 -3.4887590703000866
-2.2069664511619784 -0.9463835844519251
-1.2092771863014011 -2.8618929734695540
1.0303794838375921 -1.7623767021916317
-0.2285028144829466 -2.6752513986780153
3.4208926132539883 3.4553644890350128
0.9080450966660942 -1.3600192249134340
-1.0981280857338671 1.6187698919755178
-3.5198073885752788 0.8824665517534545
3.1018093949501466 3.0523014541986271
2.9662626863270312 1.9688876355331191
-1.7744198229268289 -2.1211867058949680
-3.7339698600582789 2.5187579710216710
-1.8077626710675689 3.8628184391854381
-3.1087538326641315 0.5736748277556609
-0.7253830850402219 -2.4614530211530772
-3.6726418294412015 -0.3864975525286507
2.1540054662780861 -0.3672013366358833
-2.3892202091516559 -0.1837799834559100
-1.5476265736736687 -2.9306678742051009
-0.3770607926531158 2.6402805220505963
0.8913783280071179 -1.6972192126611922
0.5177262228238018 -1.8605961670762277
-3.1354642576196845 -0.8485439442353542
-2.9830654223982673 1.0388417570101769
-0.4616120870415630 -2.0371099833343296
0.2407222628660124 -1.3438083801979808
-0.1657137433302083 -2.1118592442133464
1.6343645278026546 0.8337750146655818
1.8378073843024829 0.2832661531952718
1.2818272019489347 -0.0547146618268961
-3.9753792741081435 1.2618091117179411
-3.5725180095938045 2.7394951912718382
3.3821263764680891 0.5082248509169363
-1.3930451986633452 0.8203462615245529
2.2846699960663850 3.6948526907603734
2.6174955099579673 -2.9757806447845825
3.5903373782551302 1.4903421748079904
2.4347799442018063 -0.7093570432848386
1.8937506978447818 1.8051623536834311
-2.0371400934870669 3.0095546240986391
0.0889600103652617 -0.2334469052195622
1.5450543376979677 2.1147375841416114
-2.7811962631438290 2.9496102070094548
1.6913701271393329 -0.6749945574860741
-0.6279488770630710 2.9976460020993532
-2.3102569975943474 -1.8009567044250874
-3.3510425268014021 2.1853121784038834
-3.3008759300751365 1.8606560444889135
-1.8965485803134454 1.0362040732699489
-1.3311424553398510 -2.6142084664053078
-1.7523947173524661 2.9643312296495203
-1.9974344181776962 0.4575433393740731
-3.6637591024400509 0.6968497876845303
0.4182208660326339 -2.6932664579859056
-0.8781829661254754 1.0130451989958367
-1.4679744447373082 1.2591303530014004
1.2702190418647632 0.5613372733819428
3.3147174623363247 -0.4767959173968999
2.7737297519013095 -1.9470255006979649
0.9248050770156597 2.5003386764572983
-3.1983719365512195 -2.0786339999010641
-1.6157078583216249 3.5443463608337504
-0.9907586233111765 -3.3372558421000624
3.2847557424921501 -0.5949363625764281
2.1750454058356716 -2.0966851493650509
-3.5517598701916215 -0.1884233266897652
-3.3266157725666625 2.8420076253662545
-0.1597569696512116 -1.9318088722453552
2.8690111053106957 -0.1734800859275563
-0.7482616462450231 1.9212187682049091
-0.3200589456006773 -1.1583611172347403
2.6187758695513397 -3.8929330039939494
1.7293096227839326 -2.6523270973593274
-3.3502342118263355 0.0142380378118974
1.0351121577237015 -0.5753681677894402
3.4064627383753043 -2.8139947397141736
1.1999093889336852 -0.6808651085054063
-0.8250517060958744 -1.4763749932850505
1.7359694295378061 3.7858469213926691
-0.8351686909406277 -3.4815547551742414
-1.7677591736777769 -0.4639183329837717
3.8506705978284792 3.5173447223148013
-1.4170460974629604 -0.8171794724690882
-2.8803201922129347 -1.2169892327314429
3.6898860033050864 -2.5229418148001939
3.1829732658053667 -0.5312085255609968
-3.6770373935840013 -3.6538490682691842
-0.3767772657472790 1.1244697250370805
0.5954258344747796 1.7015812795308634
-0.1011300035101819 3.8305248715153333
1.3390780046537287 1.1869600924650392
-2.7259774096507581 -3.7105810806411563
-3.5570159795496101 2.4663385836665075
-3.9693521494658572 1.0025714746920702
-0.0172163253783797 -2.8605002977574863
-3.8726083898511696 3.3011498688999792
-0.3785758704407751 -3.5819083820295683
1.1590267684391620 -1.7446303959634184
2.9497367106399315 0.9992465333471801
-0.6848064020390625 3.1316034194066162
-2.0122049640873394 3.1537252781836989
0.2520194486203344 2.9048862315308206
2.4137858533202801 -2.9638559159324078
0.7693745270096013 0.0810709203996147
-0.4758056853594912 3.2919236166528307
-1.1073777831474967 -3.8952927144088871
-0.7924794808342153 -3.8386103388641857
-0.0732118427501707 -0.6476247583793828
-2.0078803204444142 0.6729303832702858
-2.9167955827637915 -0.3969229561518750
3.3751550393137659 -2.6651495337473579
-1.7247892017966757 1.7048087080301864
-2.7088183451565744 1.6743488365280195
-3.3501922696600337 0.2869580321862459
-1.0838333216170710 -3.8494825558153716
0.7148556491463696 3.0408506007926679
1.8254745472483460 1.4869023795335954
2.1264010257276533 -3.2496533454902057
-3.4612081572987199 0.5565798350879216
-3.6085620296452463 2.8238382849301980
0.4454747953515579 0.8139688127048723
-1.2940964081832558 -2.2489382808566054
-2.2604812121089433 -0.7364414499082397
3.8263665725836260 2.7902235409354059
-2.9759301365440569 -2.9986853310282102
-3.2315883122243374 -1.3333148167363165
-3.6660510736421665 -0.3008411916255236
-0.1257310341232492 -1.7773362541488291
2.6963967448480775 3.8586044474751109
-1.6268616708254200 3.7928679982864804
-0.8148633525621207 -3.5823174868969279
2.5507459755970956 3.9297438086951093
-1.8400601645888788 0.9643578686255143
-1.3210337097191873 2.7401818556275455
2.9729100171463037 2.1725184830629027
0.2556609711397195 -2.9127323756357812
-2.0005439253586985 -2.5866674664292084
3.1601722501765552 1.5014293304203310
0.1184399190239862 -0.3607187060567005
-2.4813827197373799 -3.6833721012190246
0.9654120321740409 0.9425618366839252
-2.5513747059720346 3.0463234176528848
2.2646647367151269 3.3634221974104230
-0.0364377030210639 -3.8791164708315700
1.2576752384774990 -0.0868862534128194
3.9338504575364812 -0.9089500331315232
1.0974364437184212 -1.2528640796219035
-2.0172153911723196 -1.4099363880420990
0.2468160663955228 -3.6379566693212801
-1.5532607186766940 0.3688991864414657
-1.1094013842172981 1.8630120111200270
-2.3440656686981276 0.6388766037238858
-2.2767438688341892 0.1875057388627797
-2.0550345226556752 0.3311776174626440
0.8062642321355700 3.4356460186628075
3.2061334108959736 0.6472756065048664
0.1555716290151716 -1.8878030952794891
-2.0682732168753493 3.9676156553921977
-2.3428414750570052 1.4909570762071436
-2.9303897760280080 1.0700052513234359
1.3017422534864735 1.4323030842995665
0.5028106929117468 0.5179931970506768
-3.5936669805546337 3.2348675044283759
1.7313108357231055 -2.7972000665025769
-3.9766194513408220 -1.7227167818507398
3.7656702170067167 -3.8085870651988643
1.2508158622766405 3.6383144892102619
-1.6072940645890723 1.8643790677802725
-3.8465874335394981 -0.4901912164754263
-0.7692838218708040 -3.4716396380460051
-0.5589070061798278 -1.2775265532841722
0.3684291511183782 2.7033760290629179
0.3313020030773055 -3.0123078833670185
0.0738481856849660 -0.1985892910476643
-2.8090893781564361 2.0381269679040832
-1.8005014794562815 -1.6311065791572101
3.9752899843938243 -1.1514539020408368
-0.7174217373694356 -3.6229206590006973
3.6340730479792507 -1.8031502286190246
-1.7676282785520812 0.9024724824613113
-3.0939439488485183 -0.3954561312375073
-3.7502684712770860 0.3502174050615254
-3.6088315676196787 3.2592004404981987
-2.6654051050315077 -0.7661701329816095
0.6821274014149799 0.3310046326782290
1.5640825469477884 -3.4945919227501614
-3.9273310770024485 2.6799709640789739
2.1020836801548732 -1.5516209868225355
-2.8306477558755141 1.9891674285799334
3.9841062622037597 2.5488931389325904
-1.7750880523833024 -3.2141319186237354
1.6790611542129801 -0.1685157352103346
-2.5749587025910321 0.3156527226253472
3.1632365978781873 2.1744539113769514
-3.4397646567184479 3.5961952375623776
-2.5886896162978257 2.3197225784152735
-0.2663216307391068 -1.6132810064612766
0.9230933008872242 -2.5291842038600603
-3.4944012430237965 0.2784072223896867
0.7137203650202890 0.6085845865525403
-0.5793272506025673 0.8942458287082413
1.1201204495829922 1.2846222132906320
0.8259519657430117 3.4933661716826139
2.6065230912630817 -1.0081868400695093
1.2223796883009568 -3.2449520234954861
0.9583375978193063 1.5702749703653769
-3.3986648012186889 3.3489762507865102
-0.7924127110088799 3.3661760928547420
3.3237692896254831 -3.1655747097860765
2.6817551386136458 -3.9603189380394106
-2.5934481822477862 -0.2142323621621003
-0.2543500058073658 -0.1623113892395338
-0.7353594370696745 -1.7647774326928527
0.5084340400263203 -1.8544536566784746
-1.6675711585683235 -3.9166348882892610
-3.3310466761338260 2.7730124309046085
0.6588111234194054 0.0577288654241501
0.2420861596313353 1.8323033116047842
0.5033227735566754 3.9872942382752035
3.8055165529253561 -0.0426244998392811
-0.1079910851266703 2.2828396286780590
0.5139705548752795 3.7521925664746041
0.8688723047876339 -2.3143974197958928
-2.0759113209361324 -0.4130167189889598
-0.6836144227511145 3.9728701088464353
-1.8432517888250706 1.8191837476723061
-3.4646489529048408 -3.5952645895162831
3.0560092411328359 -3.3926358325675681
-2.7712946416440936 -3.9425100759951395
-1.7504361487006452 0.7112462426945401
3.2085290580510790 -2.8084771191358557
2.8423633537570510 0.5786282282298698
-0.6084678592958817 2.1688471161105740
-0.5287792685820945 -1.2656769766978453
-2.4734649086276841 -1.0093465218922359
2.4074962901806201 0.5046201055561470
0.5767910177644842 0.1771297570363730
0.8391095152195920 -0.2121381379391885
3.8998092996031719 3.9979273762851681
-0.5851744997431467 1.4708414186236327
0.5045156882847888 -2.2041794261449192
-0.1215582365239136 -3.0266449784817269
-2.7498825410850687 1.3909599464294971
3.1921673249133162 2.2934919364203834
3.5806896073381012 -3.7821915417447629
-2.9781208606375849 -2.4423093837647896
-1.7119582597173402 -3.0782278010860828
1.3454807068300996 -2.7600319098481823
-0.1743129711513767 3.2708214438645360
-3.7991818968116569 -3.5614289329523681
-1.2130371309386625 -1.2501443025787573
1.3943117024800991 -2.5238769981107962
2.6796756666629236 -3.1841652909996947
-2.3696884855746445 1.8851434698657892
-2.7313514697487467 -1.2114787744450295
-2.1572459112601621 1.9003524940057064
1.1384169684298175 -0.3828702564350799
2.7004039971832343 -1.9847148016289715
2.2884202137311407 -3.5261193978357896
-1.2375268481716093 -2.5640082713087535
-1.1020420105739506 -0.6210688623022280
-2.2087164614249009 -1.8642436937009172
-0.4744359831484584 0.2180333598606961
1.2292438335903544 -2.1217211247529928
3.4460087482768502 1.8467661958487556
-1.8067210142658086 -3.0328141890125169
-3.7689499385308416 -1.6350525315609445
-3.5799207431615923 0.5068432934293003
-1.9772494328781614 -0.2570699250295458
-1.4913676230857451 -2.0334272426433211
-0.5986794808570020 2.7510641846710593
3.0547352080002446 -3.6219114726795905
2.1988156435951751 3.1350522056700996
0.1386152637453675 0.7093530375397865
-1.9580461507728275 -2.2386905919282549
-1.8132248980815557 3.5871405429797054
2.3738727479550858 1.5035393290064674
-2.5369005777508447 -2.0894312657496954
-3.3980699833158958 0.5725637150817366
-3.9364262116692235 -0.8679543321771268
-1.3062944809429453 1.9621207538662251
-1.9696709249219202 -0.9254748171111435
1.0383416962852650 -3.6428613053091023
-3.1276706220835475 -2.2732899915949929
-2.1384742621291508 0.7235884079795323
-3.5438261157800994 -1.8319924799141774
1.8502204380306706 3.7337163975510563
2.3718950568251547 -3.0150653788821664
1.5897556341022652 -1.8683607813488452
-1.5040538667083165 -0.4776938528197263
3.9569798005759118 3.1953530273530095
0.8398637022550730 0.1085555160316067
-0.9585292213767129 2.7884033919190170
-3.0799029671564613 2.8556236714349970
-1.4281415154884876 3.2919662179748999
-2.1172241184913947 -2.8711664832043882
0.9941290277544192 0.9693747309799248
2.3690396017641344 1.2243270552125116
1.1791053852435409 -3.9386547296819838
0.6901430732788496 -2.8066039455958807
2.3724277546206336 3.6233788704707797
-0.1310744960803323 2.8605605384348554
2.3405961252319338 3.8617519472358071
-1.8926079714796114 2.5722127295007642
2.6662615052215797 -2.1223683337781756
2.2390741640938527 -2.7832364958537701
0.8548001216446375 -1.0766211641060774
0.7371113599921877 3.7073564037234696
0.4254555948472838 0.7389348631875610
3.5834887307960530 -0.6710433899242538
-1.8872124596667588 2.0977628847019005
2.8941107215771682 -1.0420588081386413
1.9594623138203922 -3.1389032527184062
0.6017846440673784 -0.3717903901878703
-0.6917562017698158 -2.1972403287511311
1.7026918420871242 -2.5992154002758223
-3.7284191417702095 -2.1969110175281479
-0.7353436656480863 2.0342401025447847
0.8864807267896300 2.6163702363553911
-2.0771039379213416 -3.5792355517998971
3.8082365650956564 -2.8042012557401987
3.4465608130531269 -1.6914554364291838
-1.6937481286806326 2.8495360745563207
3.7195792598422850 0.1940538900390587
0.3775517028845687 3.7792028951881509
-3.2294064328702579 -3.5267021155488090
-1.3417817635891911 -1.9239797530019338
-3.4143995775376883 -3.3177294479671060
0.5489424014001134 -3.6357876937554510
-3.8086554035442290 2.0810634096340719
-3.5978412861724669 -3.5391185003225578
-3.6195011427018091 0.6470551864474805
-3.3310542358728226 -3.0881674217580608
-1.5023595688042022 0.6859032386052855
3.6724497070525581 -3.0991836778651836
1.7698617797120821 1.4786175227789116
-0.8931852440671202 -2.2996755220296432
-1.9674716489794806 3.8603415963729466
-2.9047457305333291 0.6202436442411887
1.7471425861960155 3.9894586291199712
-2.2440251832498728 -0.0345097017796636
-0.2596195947553745 3.9976609721578438
-3.6452891514561996 1.8958059352279673
2.1190348377726567 1.0020507053186289
-3.2153033211457700 2.5315096647044815
3.8779434037896516 -3.1118893412626170
3.1755619949468601 -2.0901714332317232
2.9755149527905651 0.7352387886628424
1.5273340942286815 3.9812030185538703
-1.6235839798549581 -2.0084738300236147
1.0104834715733668 -3.2091136115298724
-1.2098706669461263 2.2737760304430772
2.1758932535467084 1.4208316484631203
3.6177075287715992 1.5650633141526047
1.5940723574449871 2.0218158863191293
2.8082666411277986 -2.6603257819605410
3.9775178211935946 -0.4146900184550342
-0.9419149413491814 3.1441042320037553
-0.1939342633600178 -0.7897340333420217
0.4725015268553001 2.7277918413532838
-2.5035061094497282 -1.1584146984081656
2.2056479518844210 -1.4067941128487300
1.1192252441534292 3.3235703947787423
0.0888586082567917 1.3131010722265248
2.4818849256847919 2.9842693836702798
2.2265584569745611 -0.8420181455754658
-0.5806696346740026 -0.0469558482080243
2.6003083358847405 1.0845783922759091
3.8194796272957605 -3.5139136330036012
-0.4015797275527779 3.9373041070101920
-2.9271869315403194 -2.0513468995126489
2.1274047521059458 3.4279608807083024
-0.0956150215922351 0.7829975254319788
3.6976022660818098 0.6434380456714894
2.3638346748813959 0.4609889665703024
-0.6854149582157838 3.8284151863202700
-2.7683128196294406 0.8400603690277908
-1.9889072646257979 -3.9539119809656720
-0.4322929492097973 3.8881492605055827
-2.8861571120764591 1.3511148292301716
-0.1606021467796150 -0.5493160107968160
-3.3120053981322535 3.4374001002111170
-2.2764617920023582 -1.1331261922184934
2.7546091003242079 0.2816277101320486
3.7305817128091343 0.0356169141276421
1.7644141900391634 3.1611954866452638
-2.0950242978533513 -3.0416499614790338
3.5242259090919603 0.3891164775087592
-1.3828578270382721 -0.3621387916491594
-1.8195648788468386 3.5998265060717936
-2.0485875316926601 3.5217291288249868
0.4666487085477629 3.1071285177348331
2.4204495134927342 -3.8322566587939129
3.0394736344331514 -0.1991658398498739
-2.2304802862184774 -1.4095838820894642
-0.0938288287327120 3.4590148667576974
1.7011208967297771 3.4718742621618901
3.2299025847271530 1.2642635871457131
-3.9863920067927801 2.6039141840704607
-3.7176567035975125 -3.0824155253398748
1.9913040839819525 3.9201335741471217
-3.0681277461764616 1.1728751843123471
2.6573963856960221 -2.8750702813700553
-0.0226126795382458 3.2110173267747424
2.0638780236612826 0.4543747851282722
0.1698451118299396 0.5089589448942160
-1.8141479036877088 -0.8115443793014885
-1.9407093607720531 0.8066088305036159
-2.6291030445773718 3.2261201944913127
0.4667928067614326 -1.0840384411175341
-2.3009908971109319 1.7271965686613795
3.6089769563361616 3.1336900752054646
3.1459241170537684 1.6004065436528290
0.3906899625036031 0.7597112916308832
3.7559145346292437 3.3443287341419232
-0.0065215461064856 1.1645161528183943
0.4972187599755662 -1.5679785222384366
-1.4472833408193910 1.1729256975972557
2.1461738544663955 -2.0582255615359886
-2.6975601191686049 1.7823513697926900
-1.0932716572142764 -0.2989901536932127
1.5416463132200864 2.3764449583973120
2.8022274454871052 -0.1693859529242676
1.4090984960094657 -1.7923419601475796
0.7450401273618104 -3.6103287266043607
-0.9697247282228245 0.1652083134269233
0.6117766388820582 -0.0478834734181914
-2.3122018316382213 2.1627219209954891
1.5932185257123779 -1.2737001428252270
-0.4175107598531973 -3.0156372748346989
-0.9047142332537863 1.7084726431616462
3.8571823118311670 1.5274150589329487
-1.0699773044761018 0.1012294205438389
1.9969356555905708 0.5931505454093449
-0.6468022024047260 3.0799001429135693
0.5241146752208889 -3.8972020641639702
3.4334782827248951 3.7158493683743909
-2.7449935644514438 -3.9524963469411096
2.2003557876489390 -3.7988896609228142
-1.1436690266844023 1.2054148814423211
-1.5623914688008327 0.9460967392192092
2.2914744683840409 0.7151282960694827
-0.8209697248108858 1.6626783362224451
-2.3424086659173007 -0.3575589465156890
-3.1418005834115341 0.2224014712298592
2.1632463676192684 -2.9411265833007789
-1.1011132359757987 3.3566062421344940
1.3982378370112514 -1.8092438428776081
3.3338381671141111 0.3934506211952273
-1.5062508800377996 -0.0079037693476298
-0.1756694006497366 2.1739423165434815
3.7498521102644204 -0.4330198747935583
3.7635840286440025 -1.0500496844997746
1.8083179155769669 -1.0122827140693405
-3.8302566107209568 -0.5799118198838800
-1.9103209521583393 3.5653097165052063
-0.5550525823622907 -3.4586653920623274
-0.1648788286971925 0.6794499010225294
-0.4008520726717553 1.9069412785939317
-0.8874392569878911 3.7707217593134112
1.5642451798537254 1.5718174536177560
-3.2198011696725359 -1.8526331161394989
1.5352657131620058 2.6065057400819907
-3.0521344042002667 -0.9903323696946407
0.9615898058031460 1.3897481250262738
0.7259276314796912 2.9278041876540257
-3.5339152035944545 1.1400681905621157
-0.1702477323988152 -2.7312555023929113
-0.2782766167430486 -0.0491515690410624
1.6980905890628941 0.6150915065990077
1.9835932344437923 -2.5709387301879465
-1.8539809433919636 -0.0900904181298499
-2.7037769641995872 2.2873394638854165
2.0408053934090145 1.2969130742461017
-1.0910928362945747 2.5914949347356631
-2.5825371159103740 -0.7287319805737313
3.7645285048185775 2.1692986218777826
3.5739916215539704 1.7950312681371292
2.7173052808287865 2.5927037059977467
2.0886735079501184 -2.9576383950417853
2.8404520176486132 2.5715023768832168
0.9218788491514012 -1.6438270315274250
-2.7936823687095318 0.8034642402067744
-2.0097293638820659 -3.7144582226170071
0.6061997850303076 -3.1395323843513800
-1.8886237952193312 -1.7255834854477250
1.5216434898480742 -1.1712151762014846
0.0264550005162434 2.4714510630895221
3.4584586668376227 -2.1204834626816105
1.1193486187750388 -2.8608149313691209
2.2830803494842691 -2.7785099540094436
-0.3838688158276238 -3.3742123867895266
3.0703375431293516 3.2322178787917979
1.1061065260376104 -0.1803800675759764
-3.6503528544464734 -1.7814321497688681
-0.8679217341383900 -2.1609067985377077
-2.7561505092595944 2.8226295714067344
-1.6668788034526401 -3.2794746605786145
3.9060981359712299 1.1257735510928306
-0.6890711392317650 -1.9143025423135596
-3.2155651297326111 -3.2773875400070658
3.1692955632267052 -2.3260037671643730
-1.5474890529255685 -1.9536835844110128
-0.3384603697885886 2.9065146316587498
1.5187024258516830 2.9208097225602518
-0.4473099821222890 2.2351994992565372
-2.4135867603764734 -3.1363345637426496
-0.3994255115511587 -0.1080378323924656
0.4530397032842428 -3.8123548344404377
1.6510658231854478 2.5946511782249315
3.9563254472298812 3.3452390096618840
1.9944113321854120 3.7495442089645898
-1.5847694149797364 -0.1616247025352129
-1.1701470308111457 -1.6445356469319350
-1.3365318172164420 0.3037892575561125
-3.8514219703885839 -2.3093296487735682
1.9821243700427811 -2.2018820340498202
3.8678360267343157 -0.1213419784067371
-3.6889050902533373 0.8596739563145608
0.2539184945251485 -3.5984136678688481
3.0796601889104434 0.3666632685719975
1.1664080626969033 -1.2186002789154795
-3.9365194816525140 -1.0236364615836893
1.7425519795175965 -3.1034913062554548
-3.4631693842591229 -1.4896132924183876
3.9053329697929149 1.2560593643166289
1.5307512456223646 -0.7861059834572295
-2.9704830019379695 -3.6413303249172015
-1.9856071783226357 -0.8571976769797534
-0.9933068888092214 0.7105072664336785
-3.2784791801318640 -3.5072401061084300
-3.8298842179549428 2.9501928136240876
-2.4863231508425452 3.0662746145742430
-1.6842323503636187 -3.3407519109897104
-1.2255692457483001 -0.8117063852740083
-0.9789391071407660 2.4646881992227243
-0.6085688957988644 -2.1697704372717022
-2.8183214174547935 1.3143830285666196
0.4044389198776797 -2.4324984957716680
0.7877218060145603 0.1581210429216995
-2.9412743541652224 2.4998190264977618
1.0388717133123890 0.6960074381098602
0.9757759608831629 -2.8319212585238800
2.4240501162138051 0.1975084155325417
1.9673529812204986 1.3149473789102935
0.6295371449034644 1.5390680175161426
-0.6130464682479424 0.9740273425546881
-2.2736188153343990 3.7370617002378692
2.8904233986273509 -0.5085697220790397
-0.0257467127426994 1.5657663730446574
2.2225282585313701 -1.6531003549029109
3.6362731441984080 2.2614327555784088
0.5350159569231412 0.5166196790309030
2.7578935533281266 2.4518667454281395
1.9522163621545179 -0.2773580076925457
-2.0987696778434444 -1.7913085057739249
-3.9269600360193264 3.2632528362347024
3.5458269652866408 -3.6457600317198198
0.0334118094032725 0.8699064383131683
-0.4078077080011120 2.5913748516244182
3.2692726731935569 -0.7562075384826681
-1.7100796758084753 0.0461283572181568
-0.1488451463462663 2.1843833971785616
-2.6678664916794856 2.6209682887843115
-3.9220252820573460 -3.3664208400820339
1.7903448046168284 2.1884992827727086
2.3879349924138493 3.9704398551791673
-2.7057074518734492 0.3602053903999884
1.6207981405519911 3.6709285152468318
3.2053060137130371 3.0004989516432907
-1.3948905573408350 2.1695494102019062
3.3860440518443813 -1.0704469813493311
1.4217453136390565 -2.0524470413304865
-2.5303122906057620 -1.3925208470548815
-3.0095009249182176 2.1199511817161385
2.4374645027434143 1.3129388357182439
3.3758243395668455 2.7927279449242262
2.1226334945539831 0.6624336974993756
2.7045876934559478 -0.4856627928899071
-2.3665820833307665 -2.2445116633078417
0.2571275745704495 3.2287301440954952
-0.1285007056858838 -0.2798914314375898
3.0460233459801733 -3.6020284191829317
1.7115547835465383 -3.1683629640495683
-1.9856526062066990 1.8113692818788145
0.2425604121278440 3.0167825460197228
-3.8248622721649363 -1.7559833609939810
-2.2126409692596392 1.3503156152658997
-1.8126422793711354 3.5687941519387225
-2.9059209236954446 0.6333769717040987
-3.4048742987908573 -3.2709718681198385
1.9467540259787226 -1.3571927932214347
-2.9288358720430416 1.1596621616056977
-0.9842594598606178 3.6775810164794187
0.9800460900636665 2.1831727430031798
0.9129876017442262 0.2195630607424262
1.9018301471943069 -1.0394963346960520
-0.4501055085458994 2.2052880645905359
-1.3041665834107956 -1.3134417632506032
-3.6831726905311797 0.0016856521733404
2.7216250805615507 -1.8254402933558671
0.8333219080232768 -2.5041302736647593
-2.7575730398395830 -3.7455716924923941
-1.2942909855400622 1.8772911786795410
2.8522031259395755 -3.9974312243488912
2.5448651656395906 3.8079279237874957
1.8217336246611922 1.8415870838284372
0.3300644536486370 1.0480720996535595
0.0819644720058736 -2.8956371784601131
-0.8959389451315865 2.9025263535303454
-0.6380028008973344 3.5776316807907449
-3.5772976519843080 -2.4043433788603403
3.0534898454862542 3.6389471881901807
3.2489731793305383 3.2356177621406941
-3.8700256675102942 -2.5197043446090222
0.0265692228016805 1.8862699633831763
0.2391909251361541 -1.0509335640725661
1.1564954998703669 -3.9275226451308667
-1.3899894429862103 3.2844050947563295
-1.0345138246728194 -0.2434825515934014
-0.8482738254019671 2.6569146204945975
-1.4904174110291288 2.0860799415293432
-1.5786676107925821 3.3249744105055381
2.2845942877856018 -0.5376318661265653
3.1123324519054556 -2.5899991298443092
1.5673015388805664 1.2808208585726897
1.6046485666312904 -0.8072581652616879
2.3635375862243615 -1.4382884668975597
-1.1119498590187629 -0.1196428285179163
-3.5841485099706469 0.3632875111033584
2.5959218186303312 -1.1738005894101420
-3.0527036072948341 3.0414527568007097
1.5550891325668221 3.9408408610955732
-3.1180467838250419 -1.3703539346553208
-2.4989870097338018 -1.0314359756971205
1.9849119578610557 -1.3933463701852133
-3.6466030645985787 -0.6022357712788917
1.9951221035561018 3.6767404832931234
2.3672879013711210 1.6069920404883256
2.5786648015188058 -2.3684785064717788
1.0296600018101465 1.2543517041282843
-0.1603114659558216 2.6507109729982696
-3.4665904045408746 0.4892527857620355
0.6713579472904092 -2.2224821932367718
-0.6396132283265166 -1.0151767351564880
1.5424893439741600 -0.4020132754185370
-1.7986611231143312 -3.4498330169562283
1.0561370049589378 0.7073375065066161
-2.4265944260774841 0.1064693361231939
0.5884814458572611 -2.1459886842761486
0.8826443589699267 2.8670396008417907
0.9203030284407268 -2.5069954278860616
-0.4615802725368257 2.4454476480977867
-1.1951251513356480 -2.2322521916386151
-3.3437514978413638 -1.1361076190382242
1.1748388290168341 -1.8280363039504532
0.1995378601719962 -0.3056168965634560
-3.7028359761526835 0.1586434826670287
-3.8130206821775570 1.4284265178954199
-3.5627503797666451 2.3777627774169412
-2.7268555043815228 2.7977112967135724
-0.2608910412388816 0.1272511394297853
-2.9127909890334118 -3.8522969322020950
1.3417612320659034 0.5106530078403724
-2.2446499811050789 -3.5368090509439867
-0.7816203687652168 -1.9881794952655927
2.4244104099884893 -0.5232184924056176
2.0975746509380988 -0.4779219090823794
-2.2395004852655314 -2.1747956229494418
0.6077383082561898 3.1688083944071650
-1.9319796820658954 -2.0265002804883485
1.5363918072369698 -1.9530635789487176
0.7529037117942075 3.3921809591045893
-0.3905583940813733 -3.7493993913090158
1.6582220550705546 -2.3179025096738588
-2.8582814346526106 -2.4596166443511960
-2.2919211871798080 2.4189185448852211
1.7842066575515965 2.1967680478643521
-2.1935582557732047 0.5451225404552043
3.7699301282381601 -1.2811764584848699
3.9196226585943821 0.9128282140624489
2.6451227620089082 -1.7924829013684569
-0.6770509646984619 -0.1754698360616986
3.9153333886868591 -3.0513359094395627
-2.5474740367215807 1.3562388590337644
-0.6269064776205315 -0.1300759065483108
-3.9950541918231792 -3.6179873197728032
-1.2305072032161846 1.9269341145375680
-2.9653151822488368 2.5820437842503843
0.3105054817714228 -1.6292074502504317
-1.4302033260591287 -2.9851570434353745
-0.9986526586016051 3.4151514757672832
-1.5748068461176370 -0.1967176632587870
3.2683142354088677 -1.8438689973514517
-1.4379883392171422 -1.8728053158077627
2.5405425867309139 3.4412722703566159
-3.9122921823021111 -2.8181216167072822
-3.5996741100486780 0.5720613258235359
-3.9825797060744046 2.2861344241679671
-3.7396376949401136 3.7254877601681704
1.0545375437718487 0.7802089369599363
3.2030277019012425 -1.0160862881353161
-1.3863222402260948 -0.1335101342711464
-0.4846115370931718 -1.4284568421573676
-2.9149501197368641 -3.5211023284362142
1.3123881628640515 3.4148558421006463
0.3679946827036789 -0.8914840161248749
3.0885848805720055 0.8996786926772078
-2.4403066128326234 3.8167650137613736
-2.1862826750938016 3.3470225556287136
3.5357390124281070 0.6315566004496249
1.5546296111453204 -2.7169284487043948
1.7955971482063378 -1.6870420091801162
-0.6709303694035054 -2.3879227464084005
0.4172370072041032 -0.2045145881171173
-0.2739746528961486 0.7964222342564380
1.5187838581484909 -1.0459073660487777
2.4554467092548364 0.4859130070988691
-2.4524898256770475 -2.1112971464562271
2.1177340187454563 -1.2567103415524343
-3.2477470182736852 1.3877277417057678
-1.6222199984936365 2.9023055258515225
-2.9128198544994310 1.0798226688706105
-1.0950476246005794 0.1940977664684072
0.1914434918087613 -0.1755176545993811
2.3934103668934004 -3.0050006058900482
10
-2.1319195442383808 0.0395409033987223
-0.5621095131454022 -0.9365507736928824
0.3485746254610677 -1.1736402918368476
1.8863744780712486 0.0907817953769384
1.8249538458925848 0.7536750469958836
1.6104523706340535 0.9621928088110658
0.1287346897263454 1.4375656396154796
-1.4537268736154378 1.5848375829047325
-1.9824414441850776 1.5104065626161348
-2.3353247296984637 0.5746456126824404
