1000
1.2062966101194270 0.7664982817375110
1.9671954864011267 -2.8102617587391023
-3.1152065828081064 -2.4098249698217726
-3.8025186516215710 1.8458773186912856
-1.1165495260027498 -0.0007591174820050
1.3686177297877666 2.0512816121094923
-0.5296493452912845 -3.3942119250548268
-1.0234605750917884 -3.1644871362448219
1.2705035338481219 0.9956096229216573
3.3385408610848391 -1.6183901979724560
-0.0721682534017631 -2.5703898210782246
2.2833764724097581 -3.7885012711082027
-2.8214429860867343 2.5795055598620769
3.0423519832903727 1.2711704542587849
0.2429422261598688 -3.6069848974509862
-0.9378986139150447 -0.7315785424502899
2.0670889007581357 0.9006568461135132
-3.0988202713205624 -3.9529381123317711
1.4835272408899387 -3.5676002732117249
0.6434796697843863 -3.8474231159515710
-2.9508903306452590 -3.7617480688794735
-3.4484304126806569 2.3218860813138891
2.8284829230001183 1.8402518254722908
-1.4217985668884481 -0.0945581813660255
1.3038894392152338 2.1497328724352238
-0.6972891811213264 3.5889857606323128
-1.0122355116158452 -1.3101843380379554
3.8295307765661333 3.6023620000757175
2.3842908634960134 1.2716047441360310
2.4427233948438518 1.2731911820839903
-3.2876612718524649 0.3884282196183824
2.2158215191568278 2.7027339497976000
-1.7143654214027597 2.7778115064130775
2.2918255261704745 -3.5358825682629726
2.7147984575220825 -3.9906550653096806
-0.9989736370021474 0.9611258128230915
-0.8994908178700873 -0.7561176996880183
3.7651072023847103 -1.9236390006757977
0.2573865992055460 -3.8113049581019123
0.2764565007228041 -0.5401684161356979
-1.5476038846432747 -0.3934872811857018
-0.2531404294207134 -0.4070300735389347
-0.3669656791150748 2.2125154306725250
2.0710388723316182 0.1375158034717296
2.7220146065582966 0.3611254558948502
2.2722676225675116 -3.2097370838498280
0.8414508999761603 -0.6806181308993482
-2.1625020063886868 -2.8618692594520345
1.2686564018195430 -3.0747319633718142
-2.0094075259447628 -1.9011216695992497
-0.7281486507778299 -2.8737039790632899
-2.8338477408483316 -0.8771054568095114
-1.6065615640372490 -3.1241233266407171
-2.8653680226879876 -0.2123838784017309
-1.9241278834524724 0.2807238219630275
1.5571978623271798 2.5768789455325027
-0.6972728950780267 1.7745443591078969
3.7935866481955873 -3.3613404215285669
-2.3622226093335374 -0.6713214217074182
-1.0402381468102178 -2.6292557493686042
-2.2089494554254383 -3.1505720197868810
-1.7887778562692365 -3.7136168791270041
-0.4779615966324231 1.0778163669100440
-1.0064606498964794 -3.8071268377680143
3.6160319675926758 1.8119500805338857
2.4493438459879977 -0.2477496417311702
3.0655635318946803 3.3700179336138296
-2.5739597304498929 1.9019416862270990
-2.5039453025045502 2.6285209657655244
0.4042816415274082 3.5097689101150191
-0.4600342028463009 2.5471289773728856
-3.4377864866119028 -1.4533634859214350
3.5293555798297866 -3.1290195009564377
-2.7490679681805350 2.3266916959612827
-1.4576452491449388 0.7600028778175876
-1.5785377869487602 2.6043719381281178
0.1390064026531483 0.3702773053659181
2.8378188554105535 3.2381153787950350
2.6768096536925485 3.1598713574248016
-3.6977608161038420 -3.6331020693723666
2.4041811727432227 2.6957423714030195
2.0862921215002110 -3.3108494059116857
-1.7612157024829198 -2.0868130582770199
3.2953699081511258 -1.8654438812714309
-3.2884200160345562 -3.3169306845781925
3.8607069893966042 1.4145537297834112
-1.1371113717289809 0.6793126113000199
2.5328229260988575 -3.7919092207790390
3.0559527682228040 2.7469149399690771
-3.6192669713985293 -3.2381876482005012
1.1561876207860617 0.5897977896021933
1.4534346423685545 -1.2005604227430871
-3.1384053136328403 -2.1868731064274183
3.8551181405985071 1.6244252267468795
-2.0411291106900071 -3.1011628335404451
0.9121601732025342 -3.2521895307629638
-0.4878523546890809 0.0078857498300975
-1.9793885443325374 -3.1771902861633334
-3.0124859457024318 1.6093574818120526
2.2398240115339894 2.8410089106267415
1.4782102588894981 2.0804310446578658
2.4408449842528688 -1.9758367317160808
-0.0462301874480326 -0.1825013843737739
-0.0188435906564317 0.6064394552415147
2.1842541786625898 -3.1589699935407642
0.4340552119682082 -0.5602401292018193
-0.8811416080497674 0.4389660882948760
-2.8663208596405996 -1.4109997016879401
-3.7640639789004657 3.5153049026998442
2.1978643326950928 -2.0631375195986932
2.1073771450323004 -0.6414145129884448
1.6051259720752284 0.0187891090660930
2.5875179844870777 3.2309147810834906
-2.5828974108585401 0.2106751884149407
-0.8465181355000357 -2.7072689690104266
1.4030058157623202 -2.0262759001349080
1.9358466958022094 -3.0163148570196876
0.8988741511224170 -0.3796617730739280
0.8485169184798451 -2.0177190869120309
1.4475966450137978 -3.3183373397803937
3.6357271069215304 1.4981192380815056
0.6581891829948336 3.1976585365631163
1.2928773657088204 1.9840515109583503
-3.4506320454410613 1.8403651574063007
2.7435835291659236 1.8376415323647990
-0.6616330163615256 -0.2974935227185513
2.6858331194716225 -2.9062749872472446
1.1055900717095124 -2.7497621169808308
-3.5470163404620410 -3.4559940575452268
-2.5965933264976799 -3.7394962999853059
0.1001793896756666 -3.9028178423376749
0.4619015751550259 -3.5650141964914308
2.4621931370739736 3.3649938808942510
0.8262220361136077 1.8261295384654144
-0.7342883520878756 -3.6257237127937083
1.6302581206337532 0.4493035675258596
3.3834786480289578 -1.1415119663311790
3.9047074738774246 0.2527393349690374
-3.6536444979481049 -0.5353558683205852
-2.8917163317087287 -1.5719847533324867
-1.2017436706222835 1.0020649533535195
1.3835075040848848 -3.3096584390336128
3.7564493363218023 1.9251285088178953
-3.8415351413912289 0.0786910327496928
3.0357838855123740 1.8917142774198714
-3.9341469095598578 -1.0884233609020901
3.9619754473520095 2.6435954935790011
-2.7433639964422314 -1.1362467207772209
-0.6356571454148714 2.6347401614832719
3.0976441018188119 3.4616161641153171
0.2338353509791418 -3.3365040070799719
1.7053561910975299 3.9571734400941363
-3.3340106507158591 -2.8837363169744172
2.9182317061191085 -3.6859755993850554
0.5364654041468082 -3.1644749334994930
0.8888853375729875 3.5510183922939378
-2.0075322696516533 -0.6602594222858711
0.4846235629186086 3.1716144417830838
0.8865459859622220 1.3067871789980678
-1.6081391408651013 0.0116780599129331
-1.8178221243730226 3.9487755468655497
-3.0702770158697019 -0.0101691129630090
-1.1073266795596641 1.0155351556492738
1.9314449145039161 -1.9673976914006284
-1.2998535679139636 2.5037156120405379
-0.7937683163850444 -3.0360995840246678
0.7226709675963594 0.2477768097890323
-2.6030212843403984 2.2944232605354919
-0.1902884552309931 2.0878346279390865
-1.8997171857594610 2.7395347115757636
0.1978203613219600 -1.9371185762276113
-0.0441190407651426 2.2193496613472146
-2.6295670599210963 0.8594161279553258
-2.2399175816764103 -2.3957577591049564
-0.7453535778330709 -1.8852980851388201
-2.3303385937465881 -0.9268089138717519
-0.6038601601806102 -1.3771482569697211
-0.6925045040917430 -0.4365430812671400
3.5425086975926945 -3.7532809485281975
2.4398667338730045 0.5971983129310656
-2.3933548501087341 -0.2477837009289052
3.5002699928147765 3.2279328633552495
-1.5222811991123955 2.5267047855065163
1.6970295488433349 -0.0026902822980626
-3.7538444928591668 2.2174086591420332
0.5716308217497614 -0.1769177941955542
2.1185677457177956 -2.7726614264966658
-1.5018405560807144 -1.6463892844146102
3.0223232085384195 -3.3243973685057595
-3.9259722875879781 -3.6019937374427577
-2.1566618321788820 -3.3990461491360486
1.4458573034957718 1.7802566484371498
1.1578095698158535 -3.5587472856243787
0.5400373584438745 3.4735414277346388
2.5379443815019664 0.7249342616072560
-3.0252244695016284 -0.4779618113663275
-0.5044510998189020 -2.3441107348089441
-2.3683734743499718 3.6384337794967037
-1.6740265416611955 -1.5333628563435333
-0.0718168588482220 3.5657841056963155
3.6168632564583554 -2.6968263999225739
-0.1876666749498224 3.8238322424668203
2.7195969709641643 0.9623003988043362
3.2329135293280329 3.5848619372967185
-0.8952726952472885 2.5057384188496785
-2.5976577815917183 1.9711155234190558
1.3372506275210903 -2.6103232933294898
2.2391834447487700 -2.0321287038375164
2.4957762384700830 2.9016604483974247
-2.6289445280367962 -2.7486242462486183
-3.2174212668519919 -0.2947961261333925
3.2918574535757479 2.1231087235332105
-1.6320841074212815 -0.2488606235679889
-0.8998158997731460 1.6025466672806603
1.9169472819945641 2.1737099506235209
1.6892812780225501 -0.1191475251331546
-1.1673644999084960 2.8315173058570355
-0.8000037717979875 3.6035119230697106
-2.4842912592884492 -0.1356319041184246
-2.9414063486545459 -0.8941836788462139
-2.0445447997012147 -0.4659522883208940
-2.2776947384684210 -0.4640787909527475
0.4231932521065662 -3.1687364254166708
2.5214872835924576 2.3282784732979129
0.0290376763476745 -0.0288749571785969
0.7829629937790337 -0.2911810540727009
-0.7637773714327478 3.4067472519972002
-3.9902843703487285 2.9103167858894521
3.8978548816225098 -0.0338282493736406
-3.4472224059604093 3.3964676032890333
-2.3076295873727402 -2.3620811238754067
0.2285168872583174 -3.3548558479366442
0.6548085247426974 1.0299527058298139
-0.9919193901035293 1.0198704804385113
0.9387940302343534 -0.7373376377332850
0.7925406544427611 -0.1324328643605925
-1.7928181510052932 0.1810771856538125
-0.2186166612163607 -1.7416065811381696
1.6372999995004562 -0.7568065866624005
0.8351004562612649 1.6570507058699819
1.9982585769579959 0.6318997385008167
-2.9365887121323544 -2.7936166438887833
0.8918611889868258 -3.5729942545705189
2.4130734434294681 0.4632790141273961
1.9891900682507035 0.9063432229653801
-0.4525521146022475 0.6627569095333721
3.6978210371444362 -1.7276427741789337
1.5574730175290279 -1.9123733890673238
-0.6262837092149631 2.0827062736839137
-2.3122523925514660 -2.4829847359960846
1.9861776683315302 -1.0134904216298999
-1.7477543378583604 2.7389172087277371
-3.0794658877227334 -3.1913349058297955
3.0313798336397957 3.7580138840664272
1.5440398061452747 1.5419622651972817
-0.9248127860020778 0.3752054952383377
-0.4710933472294565 -1.3550189488700823
1.9272764160983273 0.5015129040136204
-2.6967222638416608 -3.3145340944807744
3.1792075330927396 -3.9202866678090347
3.0047241561563300 -1.5522637663089185
-0.8092394480550515 -0.5680722085607721
-1.7289439345296334 3.9828168817218028
-3.5477569187295623 2.5021320197948542
-2.8103601232945774 -0.1587921932615055
-1.4978721923953735 -2.5437258494788484
3.7494526878922398 -2.9321241269879250
-2.9811792322838411 -3.5888943538125950
3.2896093246049318 2.7454179398480001
2.6899989208229593 -1.2886978783711056
-2.2922724883007106 0.6018955257383238
1.8840228167507123 2.1920676147609903
-3.6542428956289887 -0.5246762267559113
2.3874644062884123 -1.1925855805411141
-0.7836352952415968 -1.9247149974894642
1.6688297852010976 -1.4098857217364831
-1.9096677547283649 0.9422431683654100
-2.6540104237634710 3.0114030877333082
2.3123040400334602 -3.7747780196233869
3.0072780131295715 -1.8057359885347903
0.9992803597322473 -3.0853533715263906
-0.2762339779188787 -0.5168734553965617
0.2858079970356640 2.7966357397911175
3.1030296998798974 2.7037579572295707
-2.3880719663486429 1.5610775476428662
0.3477932316967047 0.7371322423557034
0.8246563491278129 -2.8773694639966978
2.7328546641706373 -2.7510448824525602
-2.8360902067129841 -1.5219127875794607
-0.0459802219282048 2.0883788961390071
-1.7831762056049341 1.9004506583505529
-1.4154559098107704 1.1356850972924395
1.4533532670140747 2.8346022541111893
0.5785634940763300 -3.3418054412736655
2.8571780111014036 -3.4934766883643249
2.5981400531218295 1.3530988813851250
-0.7024680889846380 -0.2080013049159417
1.8950061275518628 -1.3459221050274515
-3.1101170312258333 -2.5858332285004044
1.0138320488476085 0.4217258562536133
-2.7202003947730757 2.5762478295352267
-0.7867666903508272 -3.7727897288228149
2.4200798153247796 0.7728641995793204
1.5133330319716096 3.5827892628372773
-0.8975919238341028 2.2972853785847720
-2.2711702563495706 -2.6416954330282243
-3.7480025139029465 -1.5890522402131841
3.2900496375325865 1.1002754887741100
-1.7958667034556415 2.2071860497452001
-0.4304129307451827 1.8444522285443830
2.5171939887347206 2.3061646832119127
3.2372713843756404 -1.5612626935397218
-3.7172376500272346 -1.3789123497346942
1.1060679676779319 3.4656724182698726
0.2517842983655321 0.8665965101776703
0.6512194909770246 1.9992631999718498
2.3815751866516424 -0.2040256975289090
3.9343183057947160 1.7045964766937880
-2.0911120017238973 -0.5903915146515528
-3.0786876341216107 2.4474349071523829
-2.9880750070338742 0.7100147526281697
-0.9016004484129594 0.0927240725338878
-3.4196971107475287 3.0871627681889118
3.4582354409914302 -1.2929241926843291
-3.6550150487738513 3.7710404912529389
-3.0470993046518595 3.1986232747923848
2.7495184006002846 -1.6649358003458357
-3.7969836098154603 -0.2562947662259010
-0.4331154394652090 -2.3820592932690356
-3.1465912519100154 -0.1149613984335973
-2.5121900457196684 -0.5864769770739002
-3.2042929129954123 0.4740385703619294
-1.3958378016103721 -0.1738300897683231
-3.9645438800661488 3.4293628537923739
-0.5937632229644221 0.4736470818306762
2.5505568179408913 -3.6382224935112273
-2.9905068251417806 -0.9284327405767270
3.2362008701853693 -2.2965781696622969
-1.9597649837132600 2.5548556982039754
-2.5738788887180188 2.7432911848441295
-1.1765112869239855 0.8664625756322177
-2.0168066291734101 1.6385403027718946
2.6439633046923134 -1.7453612656021615
-0.8948853592060777 -2.0550776628411231
-1.8969829326944856 -2.4547088040524736
-3.1070106625733196 1.8909076393340341
-3.8557638447254430 0.1911638105044231
-2.9637442403120708 -3.1956242531335750
-3.9942908647313304 2.9195939216550313
1.6704447570962229 -0.9528095297434813
0.7470524878065197 -3.9428792927456611
-3.1296119677695824 -1.1448743285565683
-0.1867345373858100 -3.7514552701839543
-2.3594351964852009 1.0622867973399970
-2.0584607873456999 2.4246417361511448
-0.2578328241895740 2.7974087372613985
-2.8556785901860859 3.1771092444262523
3.1619083072904255 0.2518791190240819
1.3044175306591921 0.2545360935423808
-2.0132341088912877 -0.5276987726086224
3.9528728929549910 2.7081588202632840
1.4130128231611661 -3.8480297329310948
-1.5853816020835181 3.3097446424577326
0.1751260893850697 -2.6635441654907543
-2.8193767483314227 0.4628257993198766
-1.9150558492025578 -2.5790823828640859
3.9304894961818055 2.4544288966771770
1.6129230922088036 -1.2140718315812364
-2.7077152904210351 0.2750249204789155
1.9375061067753663 1.6560741052974111
-3.3329095944092169 2.9727340281106489
-2.8876581592728732 2.8912187470407096
0.3007532294666762 -0.8101895435441380
2.5638581457474965 3.9063867399534438
-1.5646304252857801 -1.1482625194604648
-3.5402417709093763 3.7049552611149368
1.8803628820256097 -1.4166820352128022
-2.8970526939544605 -2.2322302758328751
-0.5051347715867909 1.5512726128881109
3.7096896890714994 -0.3499026974987425
2.4412670841314918 -3.8142986716455054
1.2758705399244681 -0.0984364137585976
1.9624934839381707 2.6974935012791041
-0.5515471543029093 -2.8649322306408678
1.7600874205592936 -3.6721279195428407
-1.3889119848530322 2.9787499505789752
-3.3590699797582921 -0.5585176563703511
3.6138198329428421 1.5088490833573056
-0.5437104987045913 0.0742251556287341
-1.4980414574791379 2.9879649107640560
0.4204078700507541 -0.3269447939236505
-1.8372568948611834 -0.7851556123117911
0.3526346795255488 -1.3880569713093429
-0.5816271572756291 -1.3460089444596441
-3.5675997639294117 -0.3172917101483721
2.6378406415214073 1.8906344246760032
0.0878838179244692 2.1792456427220195
-0.8247598617676175 3.2406509586135641
0.8714578529178976 -3.2335201674498713
-0.2904642837694311 1.3747575924639754
-1.2472961518984977 -1.9421949884342959
2.2295783573160683 -0.4011547907042710
3.3143866525987020 -0.8040517024041742
-2.7868328105025473 -0.4706521767392768
3.2618368619139746 -1.9047450278021127
0.4281406740268947 3.3926485024819026
2.4720227731192521 -0.4753170154884412
3.4474186365937731 -1.5326837855231421
3.4502163841960076 3.6992262588674993
3.8612399471904677 2.8370304907357422
3.3990800173825138 0.1677899682220669
-1.8463349162932285 -1.0067834720195687
-0.5920471276225872 2.8339015625874246
-0.6698565561471836 0.9656356820721905
-1.0716220780253645 3.2040208526187719
1.6494146294742027 -3.9484648641797726
-0.8069726736841938 3.5636343989851493
-2.4073941437502944 3.1438526916446534
-1.0309855870826850 2.3941519586327029
-0.2040445471107653 3.7461569416696623
-1.5788109418565517 -0.1043646400113323
0.9357336891325296 0.8069608119562561
-1.3453636062193643 -2.7206576822657906
-3.1663754027835003 -1.4277615939807617
-3.9876041026356681 -0.1460394449322839
3.5968813633355277 3.6265983346399677
0.8982044615140756 1.8246395631283265
-2.0982305866212023 -1.1463109841232590
-1.0597421517465353 3.2739478243794577
-0.0927798222735836 -3.5553894734713118
2.5931519674938110 -2.3705885603195158
0.0640093131842780 3.6586071772568909
-2.7181207957751665 -0.4438990828457596
2.0842542110575755 -2.8682008641773438
-1.6891068773627280 -0.6761661149479714
1.6174623729581024 -3.0341987477110353
1.3255582571409796 -3.9606217228651692
-2.1706935055029781 0.5293238379450615
-1.6534409371956018 2.2326247637777641
-0.6303954650796628 2.4498888272803301
-0.3944306586597301 -3.9603946642624566
3.2436911777923942 2.1059776189064934
-1.8267318517297060 1.4858803801164608
2.7837945283476362 -0.7073099756982728
0.7499873284756307 -0.6212295435908306
-2.8503715567128216 0.3734868656087382
-3.4579227936095149 1.5685549503680001
1.7154409237235511 -1.0058617402032795
2.7365572999485934 -1.4959672441106013
3.8809860306688764 2.5868698155451471
-2.6663175098581711 -1.2483705445202844
-3.6105192963752151 0.3619350355119071
-0.1244907035446881 -1.5827782857084296
-0.8942101025705256 -2.7697470481037003
-2.4155434985609316 -2.9684919553756428
-1.5905569583225141 -0.7309984565667218
-3.6102944854028474 -3.5622211714854108
-1.1260773425442681 -2.1513876099581806
0.8561324080504864 3.2483189385159985
2.0026173132466951 -3.7350576419954713
-1.5662831176134491 2.4928349849469953
-1.8016885780266767 1.2469179037068896
-1.2812816491589825 1.8904861860192144
-0.3090148391599454 -1.2802108989553158
0.8378960434887652 0.9600605857459739
1.1026021974448321 -3.1325223002596516
3.1867521798179066 2.0063786569636406
2.2576232865938044 -0.4326045601997714
-1.0807794473041143 -0.4274850211016457
-0.7274024591944031 -2.3717744721149181
-2.9862303971560502 2.6407166833855111
-2.9939002611699195 -3.1381667141740213
-0.3813351830048912 -2.5283707833537470
3.6662600538117820 3.0715171134471797
1.7411692041574351 -0.5695098514598103
2.6007132669477269 -0.7097182216709568
1.8246056590377240 0.0636870252123449
-0.4267414794683866 1.4864848092913645
-2.9036667836769841 0.7641281555886561
1.7798413516852287 -2.9671029157585078
-1.5962310173169936 -1.7827606405896805
2.4263809607963758 1.0016140622335747
-0.5858795061497792 2.8931850643495798
3.6522464649885995 3.9169961019277366
-0.1828799956376157 -1.7421893104416259
-0.9483017101996509 1.2866531203218310
-0.6469916268921567 2.6365786021286688
-3.0012486004542822 -0.1915268123397729
-1.7301478584978751 -3.0840329607200765
-0.0504842896835349 3.0197699273109837
-0.7756039908896071 2.9677063362154144
-2.3306875103023952 3.1042668696511617
-1.5309281403366324 -3.4435177545213183
3.0569026335653833 3.0408688253186726
1.2290107841805424 1.8086721331035926
-1.4107127716830616 -3.3794953294495595
2.5305839272761199 3.7319027435268834
-1.3822510076965155 -1.6656129713749648
0.5183487024579270 2.5644034689461055
3.6417672288681224 3.9579034657044501
-1.6909572626928187 -3.1650664885530002
1.3851604523821583 0.8881449912195398
3.4513258338426338 -0.0838185425506177
-0.6077963366508028 -2.3869055806013391
-0.7717822686000861 -2.7516387718982003
1.0147304912006758 0.7502056904407892
2.5700718579343516 0.6467780708076809
0.0385102561438861 3.5541040679346709
0.9359184282570823 -2.0693899496708204
-3.5439469074306205 -0.4363006301853103
-1.7330627974871318 -3.9131850473523455
-2.6253505623302757 -2.9061273581009575
1.9758733819878911 3.0786200758828315
1.3963881435236996 3.1837731836109171
0.2103855220607329 -2.2199262984879544
0.6546963291552537 -1.5521289645863225
-0.2525025771553260 0.9569758359195077
-0.4140056556395466 -3.1761888500313029
-3.2024412347354296 -0.3264482634671726
1.8211331530779571 2.8658894676536599
-2.7614258149220836 -1.1516991641992096
-0.5066427885046263 -3.4667734011474787
3.8094534439335641 -2.4490556588495442
0.3597542292830296 1.8790256855499790
3.3199596133416547 1.7256618811824236
-1.6734764297575859 -1.5242240608074358
-1.3604807693607954 0.3100367033434726
1.9210621636397303 3.2927381490596197
-1.8227769031033842 0.0847215683102363
3.6947547252000135 -2.5656534190618538
-0.6625332398757076 -0.7273472821708680
1.9569106112678742 3.5824010445416832
-0.2854394374223075 -3.3014327253537079
-0.5343976249960294 3.5678049486186190
3.5455961656602852 -1.0282922047137193
3.5120008469676476 0.7584017783968617
3.0102139886285686 3.1158670731616889
1.0809398464049158 -0.0856796856711668
-1.9274994461219830 -3.0146517039725236
3.8476323837794402 3.8413391498583618
2.0169151685253528 -0.7759962992577023
3.2177621540032595 1.2185448174153217
-3.1254991832964540 1.8830598573882185
-1.9396393862977934 1.3098582903398901
0.4038525294793827 -1.4193864042771756
-3.2915331001770776 3.0615794979779274
-3.9745865835430756 -1.6863283672800859
-2.6572333348692316 1.4294617292329228
-0.9010571028802090 2.5386058819087696
-3.4770280416674817 1.1218072652017046
2.0194047368290224 2.6556216835952231
-1.7239085251127939 2.4817037453932862
0.7626450722091196 -2.8364500006424409
-2.4011990051031722 -2.5240695807709628
1.1849427265923156 -2.5322462851524037
2.4570212687796742 -3.8448930768586669
1.3487718838738134 1.3647018035301794
-3.9093977447742017 -3.9960378685903235
0.0391957257943467 -3.8257594882103234
0.8739843862217169 -1.1694987822763965
2.3990154803937243 2.6118657385374533
-3.0124315204127630 3.0212780875370351
-3.1337524516810005 1.7599817960972786
2.2964669973949032 2.4851372577824060
0.6482250133114649 -2.3594370502177000
2.6985813361652973 1.3113065503160630
0.4973690446938352 -2.8572373587305213
0.7171596940864582 -3.0236958982197111
-1.4442536119883211 -1.8217500582985906
1.0046176468316261 -3.2557212532840580
-0.7982157226319631 2.4579536171736178
1.4820793628915627 1.8108868878143731
-0.9467477423752353 -1.4607949979390540
-1.1933952584593497 -3.4303525847906995
-0.7882201911355144 -0.2177872101818217
1.0392502852750658 -1.7434070517269120
-3.0503264119208282 -1.9433567748553688
2.1080727480953545 -0.3377537804722897
1.0143487492783354 3.7620359095233429
3.6042657685890145 -3.8155651779754436
-3.9582609176163359 1.4639567788178924
-2.1415160217330724 3.2686472697904767
0.9197197950715337 2.3679037308206432
-3.5411397223689622 0.1042097403834585
-2.9585507238199220 2.2980980659244929
0.8475092506234381 3.6975677256782680
-1.5556642096154425 3.0876778632903079
-0.2640143605119993 0.6947021416090271
-1.7135416074006580 1.1855270577454613
-0.1606790742715809 1.0659643543053985
1.3236261729361196 0.6929011822042481
-1.6574121770120493 -1.6356316711530292
-2.8776700201320438 -0.5965763560468691
0.0297097525746404 -0.8844442950875768
-1.1285297182664671 3.7913447896400463
1.3818853256058157 -3.4524446736656165
-1.7660217257747632 -3.4574796204530935
-0.7760807764804722 2.6387170243822000
-1.2590543011123971 -1.4564899912534486
2.4398830701287189 2.8121661007332328
-2.6279107623176952 1.6245356030051941
1.7425669139580551 -3.1678785393630031
-2.0281325798417029 -3.7541659093146809
3.0891455138868888 2.0687980811977988
-2.4909883695090418 -3.8184342681577839
-1.7696883145180742 0.6790772499725977
-2.6222309154955514 -2.9463630151921247
3.0422317827701191 1.6382858079403073
-3.3239048362264576 2.3303773544242663
0.7948955752974056 2.8410020667201232
1.8008739314320854 -1.5800938568548553
2.2572034116267377 -3.9785837038043628
2.1807113624474548 -3.2816405991682664
-3.4546082678163499 -2.3289230271427934
3.3938547644100980 2.2339993162827128
-1.1648213550939452 0.7373218386471185
2.3007774678735622 1.4629684435778634
2.5436713382918894 -0.5992027177597397
-3.0811745257600549 3.2533228732267849
-2.6927053750071837 2.0852459295976553
1.1394869363677831 -2.1257839238724427
-3.6680917597664626 1.2734251488963872
1.3477444767389892 0.7457535941246283
-3.5167746386418770 2.2673082968687828
-2.8307484840535286 0.9980454407232795
-0.5077661825537607 1.4836715418756352
2.4166947576266411 -0.2507347269392817
0.3247491864721095 0.7864736097926128
1.7368817084083812 -2.6529203943275750
1.7052423231382150 2.8335495772987640
-1.7213982753527004 3.5004692833599247
-0.5330952803445888 0.9553650415760018
2.7436841102685943 -3.7577706342256763
2.0721713246427997 -3.7729115524393722
-3.4991951551590983 -1.9089148943328640
0.2404560583418416 -3.5297619229683592
3.6756221636179012 -2.7986285944294673
3.1933591604930465 3.0755006743026998
3.2482147772369450 0.9321951823402053
3.8131594946565945 -0.9644457736238161
-0.7227204129135263 3.1916832310289545
-2.3880096772729793 -2.2132258384983654
-2.6931387614453541 3.6979281945461233
-3.9972302972131546 3.8526167439644672
-2.0097973282238719 -1.5637296184203429
0.1274488065862984 2.3116656723505669
2.6631538310355829 1.0736151517792720
-1.8625913858644934 -3.4004516158378166
1.4303417756664070 0.9377366957010631
-1.7531197294225782 3.8489219263864776
1.7625400174721761 1.3579945690685555
-3.8134997715243637 -0.0958005194703011
1.1352901267613236 -2.1468613697863379
2.1380240166653399 1.9599110462443692
1.6368387110667619 -0.6227020020209437
-2.1424530737539174 -1.1655439315555425
-2.5981232890177068 2.1536977557872579
-2.5245786948517956 -1.5302042878048550
1.3129282472500545 -2.0808882490961249
-0.5069243681672555 -2.7739135376982649
1.0533613205289978 -1.4421127322087219
1.3840481553216506 3.8580977113762973
1.3914070332703030 0.8205369983065944
3.8537634688291940 -2.2305513485013950
-0.5732249024181133 1.5881326397656466
1.4434586686192210 3.9280843704928134
-3.8327671934419039 3.1435540488151439
-1.0902951723872656 -0.6940937088261734
0.6036753557333956 3.8752069051319022
-0.4742154911472749 2.8392353060216511
-1.0266036721242680 2.4156758204928206
-1.5345868128421545 -1.3952821139141180
0.5192104336791177 1.6675988563831883
2.7199387825671515 3.6637389113854333
3.7242960487375978 -1.3118826075068259
-0.6438432179845712 0.3169672583298588
3.1684959454557857 1.8305799142313210
-3.8500017474317501 2.4566333157404419
1.9978295909054733 0.4171590097533606
3.2886568790881050 -0.1727533128202730
-2.3603995179662096 2.7394928837823835
-3.0934103998794207 -2.1149212990148394
3.3412127086532557 2.3437817752620607
1.1352764000877933 -1.2660016910024758
-3.2767250842259878 -1.5686224323713249
-3.9499355454792671 3.3573267387085215
0.3542301765480023 -0.2263294720689792
-3.4134340218698505 -0.0099344688336043
0.1363989113878814 -1.6081555681349240
0.9341478993224221 -3.6344292126412299
2.0826079240887330 0.4522306212711342
-2.2081686864730328 1.7980299253077492
-3.3403018707501788 -0.6882638252030775
2.0969227674412210 -1.6295774008649691
-0.1608303084144866 2.9742699208462291
-1.0773434621920233 3.0370961063420809
-2.0741477708253253 -1.0645566972361227
-2.1912992601796830 -0.2184914980461645
-2.8978436701198529 3.4534919768215762
-1.3592482424539263 -0.4928877612145479
-2.7358797180170606 0.4568824290235520
0.7933842104853879 2.4421313347696474
3.0814703345289027 -1.3827245923495450
-0.5086268657563409 -2.4444908124334317
-0.9788989959213099 -0.0850050684738175
-2.9890200298477012 2.0365715714843260
-3.8310666358633192 2.9537929153428673
-2.5561288947924998 2.7630075068046205
-0.1843417857233876 0.3871593070844490
-2.0272108138597522 2.0698553475106083
1.5350562965523586 -3.0271341247936583
-1.5195938924581398 3.7774211753833047
-1.2717548579798850 -1.6384543292243752
0.4112847732970337 3.6485904801543221
-1.5117773800824583 3.1779626354006183
-1.5431967798846529 -3.9729996758899571
-2.9380438879001929 3.9074177898626523
-0.3773161872955173 3.6811964923081888
-0.8911151754137681 -3.2120431290621339
3.6860152537342818 3.7869924438078932
3.6602932930198682 -1.3046421912626309
-3.1887197424706208 -2.7132472016569986
2.5019360225754443 0.1443166940745204
1.2627858041947633 -2.4358693981310653
2.9001989187109718 0.3520973684601136
-0.4951564881584947 2.7428462464656835
-0.6838025876618090 -0.1527259149956919
-2.6821382025700844 -1.4850388749170857
-1.2463871274199567 3.2173767549514807
-1.9643407338116896 -3.4800317679321822
-3.7888188942823922 -0.7660240354335297
-1.5723676376247955 -2.0179411045396769
-0.2417832538284008 0.3894663118636412
-0.8250285419300960 2.4614994362121578
1.1585606073654828 -0.1503644772606938
-2.9758979129420311 -1.7415826044972800
-2.6737152303290985 1.8292582194604465
-0.8031436364256770 2.5405202975202164
-1.9005654491068338 2.3928587709881866
-1.9055174759589351 -2.2570682610269239
2.4515833304859047 0.7522260436152033
-3.0735288982632083 3.3881031853195518
-2.2291844050357215 -3.4961075636562811
-2.8665694638042645 -3.0513266422198226
2.8600957676261052 -0.9046708954591960
-0.0781175914686623 0.6494660315568357
3.7624011294292528 -1.9973386929429173
-1.6342485643539932 -1.8406711365874546
-3.8263470384478513 -3.8824708502380867
1.9351625572476996 0.7936959224670783
2.9969136803027601 2.4184988687451057
-0.3379903017993904 -2.1217446473416546
-3.5014956944147526 -3.6055835807547032
-1.8749017598714062 0.9675394875319299
0.3180308164839989 1.5927031218707981
3.6034647806344218 -2.4753505701695788
3.0252386422128046 -0.2611908852686797
0.2502782200709692 -3.9502838084494662
-2.9576341429794244 3.1889581969300984
3.9794345896829775 -0.4066719462793662
-3.1114600484691168 2.6514339778779599
-2.6034672208274987 -2.2267661240317631
-0.9224162042708270 0.5514085857986988
-0.8212571957216763 -1.7463546974966127
3.0832248206023767 -1.7758501864191549
1.3779929531007991 -2.7769138825610851
3.2345904150847344 1.0288373706095006
-3.7330311309457720 1.4761906330218304
-2.1685105057244298 3.6067790233131420
2.7818684119839698 2.2648975467690207
-2.5690452264073746 -0.5161536951451007
0.7744947571110332 -2.4418066617300571
0.7293638534480529 -3.2585190743218524
-0.8468440503645231 3.1436257553104481
3.9252597580533042 -0.2537775160890048
3.2800275836403339 0.2784359739612450
-0.4507419361668754 -1.7746147825597021
1.1073530117267856 -3.6994271251260837
0.5217510973632828 -2.6421837872154654
-1.4156031740239765 -1.0256803194676358
0.4090839540674978 2.6584693502733474
-0.4285900383476262 -3.5913580443048190
-3.2136324647711492 3.4955110703245404
2.7118908336391616 1.7319581139046134
1.2677047196664555 -1.8552569375254029
2.8302427659119855 -3.0664283123288536
2.7691715623572666 -2.2343959977432686
-1.1217015406659794 1.6898123614398219
-3.1688863771716651 -0.4718124340278615
0.9016512237150707 -0.6125274544261146
-3.5280697530677676 3.2700487308808928
1.9039803512153330 2.7852577725922858
3.4098134626349923 1.5829266722665700
-3.9658801084205351 -1.5399329918358546
-1.0012821668350913 -2.5991732710841324
2.7980636828889418 0.1415853241723717
-0.6478839553152378 -0.5627781732748209
1.7229337403633505 -2.7815083511510963
3.4300861409918930 -0.8410895627404162
-2.0200452056967420 -3.3615933523516679
1.2539622074307308 1.4853637952429493
2.6417596744010190 2.4013360442313143
-0.2861377031492971 -1.2756137582409552
2.9810175408510595 -1.3624670934286431
-2.8549202611835325 0.6703564236180064
1.9058006725792316 -0.5209718186157097
2.3261025477704118 -1.7326946183742882
3.6838670514271028 0.3159774954948169
1.4010696488460548 -1.6781502092600658
-3.7204227740660043 2.3605901482993792
3.5856258893796298 3.3156136074578191
-3.8314164892935896 -1.0210113109587420
-1.8988947040573336 -3.8135062552438246
3.4534024023752048 3.2774353338406295
-0.2869934941071461 -2.9527308204778988
-0.7529256636352866 -3.4529789231730161
0.8914746628210404 -2.7665469872637214
2.3826487957793905 -1.6659533549265051
-1.1039205765797497 -2.1835043061082366
-2.3713474554818381 -0.9163659487995579
2.0551790035349109 -0.8396222379524536
-0.5625523895299187 -0.6569840391946959
-3.0923875456936560 0.5556308854776209
0.2563500005775410 0.2954703451228298
-3.8163217474593827 2.9625030394825664
2.3001701738567384 -2.0909278668738596
-0.5571825665413233 3.9615033772940391
3.7799533581748292 0.5605949118657110
2.1311025301850552 2.7412145359655984
3.0036496706265421 -1.9773886999133152
2.4785739241730464 -3.9264024093785839
3.9717756813113061 0.7528484934571802
1.8191293926319094 0.3629992336538486
2.4377175571033014 2.1665743821966315
3.3650188543388477 -1.6138842863039295
-2.8771090055167550 1.1984389528974919
0.4062338169504249 3.3248430037538315
2.6647722381022101 3.4003670571176521
-2.9542318430536811 -2.4808193953720332
3.2336388258198436 1.7121627602524123
3.9408549784472857 -1.5797879671565136
-2.1371433167557914 -1.7341997083728433
-0.1346094622392995 0.3255855359045112
-0.6202867038634201 2.3755471478768744
2.1978096796663511 -3.0276879454544590
3.8660762779863793 -0.8658238206757334
3.7315498004464915 3.2809600879303904
-0.2663125058931977 3.0839664918505614
0.6822896915107890 -0.7627318046422262
-3.9325080176730012 3.0447977888030051
-2.3723342190907362 -3.0067114766773280
-2.9654702525746828 3.5132768183360445
-3.6744769064824965 -2.3804436031460074
-0.9923614352041827 -0.9709153079278643
2.7628709134135958 1.1274758654755788
3.0629050511776388 2.5661291164744284
2.2626484770638040 -0.3664326353275724
-3.1796197280815255 2.1037288802395055
2.8041658755382981 3.7277977359253711
1.6777945018719418 2.7726725052397931
2.7403791431903892 -1.1341977363760289
1.4021589780629151 2.9524330334472770
1.7396951732969503 -1.2129744296429159
1.7597330620580243 -0.7027024541287217
0.4051791553260067 3.7551023268846659
-2.9157955681692806 -0.0272630411302348
0.7946610745819989 0.2471338786460535
3.4199373000400257 2.4632035159077583
-3.8161649821887194 1.4868269106042655
-0.9399535082194062 -3.2165595192788352
-2.7535625545581386 -2.3992895288211056
3.7893036893329510 -2.5113577388897133
-2.2110539124697288 -2.7725675715014679
-2.6412946087748734 -1.7261443782459676
2.3669426890705081 -3.8306835268940516
3.3511826776929992 -1.9736506190334371
3.9536306471546077 2.8060455125285788
-2.7497557848942593 -2.9991187675399917
2.3526819175852758 0.3038897578670898
2.6719432316834659 1.4290671503149328
2.9373038636568705 -3.3070413773050316
-0.6259334450492640 1.4460429560695776
1.8928562774392743 -0.8223652758720918
-0.2179851089070493 -3.7871431423342470
-1.0120040866047217 -2.6512795956021300
-3.0537671549165042 3.8145863115854111
1.7270116785361997 -3.7219142055589414
-2.5332422214143255 -3.9162697330767360
0.6100750186839168 2.6059801564562024
2.3670513810843836 3.8699110840893765
-1.4756221348364065 3.4154030229992740
-3.2718531956231525 2.8369289809452898
1.4894581516382726 1.9793046927518869
-3.0905329842003741 -0.4290394797970434
-2.2444913313599226 3.4838188810542912
1.8862612471945228 -2.9409073798787810
-2.9596419907503169 -1.7080248461477545
1.1271964624411384 -1.5781501713851105
1.5610485818458564 -3.7328864857268762
-0.3669237253411595 1.7076272224248461
2.4338424683031130 -1.8795893719655954
3.9642012167657166 -1.0762945276444471
1.2345993482481674 -2.4918845720223635
-1.6504996888630563 -2.9416802646033764
0.7795751359886811 0.8138050544798485
-0.3858260082995448 -2.7465752624190758
-3.3991862585580526 -0.0592831407173309
2.9099815375555469 -3.7160201712638372
3.1569192683530414 3.6770194111290371
-3.8105481703363067 -0.9227335278584290
1.9800756420199752 1.2536596771780477
3.3839839233433171 -0.3307929467148947
-3.8152767639533147 1.4425025001375706
2.6731885895910974 3.4410791786761887
-0.2596021988772632 3.2293218142263944
0.2000151320643839 3.5133317722345687
-1.6022651016259779 -0.0035168251398252
-1.7391722231301365 -0.0919981451289766
1.8032579963996911 3.8602837985072638
0.5617240784728068 -1.9859011096158987
1.0724767137208895 2.8970658273621517
3.0631068057680615 1.9110679655223723
1.9377548277310792 0.6499485868565360
0.3178689470956071 3.8259882239123808
-3.3664171856213621 1.5357394940314730
-0.3097988299239258 -0.6335437814724898
-1.5658366732630640 -0.0230006653210459
1.0376121820621167 -0.0921229906843362
-2.3872591651564568 -3.9955159494661139
3.7250440064741301 0.3216188281847439
-1.7231453568248511 -1.1863036034782661
1.0993918884975669 0.5354203088640430
-1.3545480271142560 -1.8765108865419053
-0.6869771394863280 -3.8946784102513821
0.6332080313329689 -1.7640135252602107
-0.7734302076507289 -1.2227467517278088
-2.5391986457630704 -0.7750275708401455
0.9337030619127624 -0.0907148391694532
3.1570913376815861 0.4674281925979118
-3.2424147112781005 1.3546275969817287
3.6034131774603910 3.9898247675052803
-3.9767609105188901 3.4739971141541321
1.9489631136415353 -3.4021702056022844
-1.5224364468271991 1.3901919802147509
-1.9587551807999173 0.5011131906753556
0.9399764379792996 3.7427646890374930
-2.9564392825087547 0.7667515168901939
-0.6973712916831056 -2.8425642890820599
3.0726380758840346 -0.4457309072888735
1.6567236003542236 -1.7453351526346621
-3.1327424660811687 3.6200636335987841
-2.2308402453842282 -0.3435806254220806
2.9049720143116362 -1.0712210617836648
-0.7060893549474869 0.2909857071661079
3.8680549008448706 3.4022361393586431
-3.4404524345955210 3.4423955898614524
-2.6075844987845587 -3.1242350301996815
-3.8672377036562633 -0.4425433896196918
-2.4805642678098403 -3.6812796548734674
3.7521310127502732 -3.6283305234004697
-2.9287125205637317 1.4109793096409007
1.4616842168979742 -3.9241584949050301
0.4607147801771516 -3.4127054984412402
-3.3610716524750384 -3.0044832954072644
-1.6367314213907251 -0.5924458131748178
-3.3283892162862241 2.2799364275618244
3.8653240494961807 -0.4172858952902763
3.3003924814943710 -0.4839433048227892
0.9974687209622868 -0.3449965056773241
1.7987064085104363 -1.1841647889247078
0.6899838197852688 -0.6022306293152226
0.2655264080595154 2.5265147375059644
0.9022936440700589 1.2577977715971027
0.0022095083409388 3.7921972920562448
3.1692412664290632 3.2971769928457082
-2.4780974377923899 -3.4105844482134904
2.4443486986328713 -1.2196047858897643
-2.8031226012680932 -2.6654741379612901
-2.9443823176731057 -1.5761959353159529
-2.4803046652489273 -0.6076446987195494
0.1468810566693080 -1.4663031636955610
1.4866980492108590 -2.6524726839708217
0.3348742186180003 3.8866435216988666
-1.3425880332685738 3.0565183883628215
-2.4955247239308234 1.3281262321062526
2.4749578095937856 -3.5178499879248823
0.7807029500202187 -2.7051439738610412
0.8713895826832809 -0.6115607363388955
-3.6551131221831374 -1.1102670470319334
3.0733786567126886 3.6766031074154384
1.2294089061857312 3.5329324668053337
3.5655431340778145 0.8775340056786360
-0.5870802245137856 1.4044756689585025
0.8289896346554873 2.0535230377242524
-3.8588605214293867 3.3915576234444416
-2.9266463641424503 -3.3273082521215143
-1.4517790828164499 -3.1232477121647797
1.2258337704838054 -1.1211428725504220
-3.6656087844391392 -1.5148521419761956
-2.1317700704826050 2.1925000113391757
16
0.0 0.0
-1.0 0.0
-1.0 1.0
-2.0 1.0
-2.0 3.0
-1.0 3.0
-1.0 4.0
1.0 4.0
1.0 5.0
2.0 5.0
2.0 2.0
4.0 2.0
4.0 1.0
3.0 1.0
3.0 -1.0
0.0 -1.0