10
3.9545897134921857 -3.8182027930403839
2.3434184203490060 -0.1163495789476965
1.2128949158717504 -1.3965614086181022
3.4932398826038700 0.5029015313004903
-2.0467389628672130 -0.3693196193239627
0.6510680387153283 -3.5763469180162337
0.9037014478472933 -0.9849844922751192
3.2043577608204385 1.8196222483974553
-0.4266652850111763 -2.1200910457371434
-1.1403662468827154 -1.3541692830885195
10
-2.1319195442383808 0.0395409033987223
-0.5621095131454022 -0.9365507736928824
0.3485746254610677 -1.1736402918368476
1.8863744780712486 0.0907817953769384
1.8249538458925848 0.7536750469958836
1.6104523706340535 0.9621928088110658
0.1287346897263454 1.4375656396154796
-1.4537268736154378 1.5848375829047325
-1.9824414441850776 1.5104065626161348
-2.3353247296984637 0.5746456126824404
