100
-0.3402508893910481 2.1105098497516215
3.5094807175419742 -1.0881729598003442
-3.0929465963652119 1.1612599651084938
-3.4213742327790957 -0.4233051389815241
0.4934946402841103 -2.7341293860261526
-1.8109798711796410 2.8922345488857202
3.4795325726800268 -0.0209607226072785
-0.8358837706814999 0.1993157266895729
2.0239884044879339 1.2117225283693092
1.0249481117991301 -3.5072363157032660
-1.3350149554139161 -0.9894370127512220
3.1782676134928129 -3.0197018694814775
-2.7457552591580416 -3.7268172198450475
1.3324616828893427 1.1290214495332602
0.5065581915143094 -0.2309272684333692
1.9500035888042451 3.0816038093573619
3.1719786664836800 -3.5796734474057139
-1.6425574090147954 -3.4439118894669933
0.9331168050521459 -2.4868410368302980
1.8335723672689497 -1.1588624778470749
0.9799372951847305 3.7053595796318666
2.0543368940134084 1.2718391366915682
-1.4911044453302820 3.2531457602782741
-3.8565886280184802 1.6154410412723248
3.4150840346684364 0.5842693915753703
-2.8254470080559599 1.5588227814855706
-3.1350398451626660 -2.5852783210578263
-1.2940991446882828 -0.4791260797777204
-2.1792011135818115 2.6310105300988864
0.7809324366270989 -1.2107976649886147
-0.3443450415180713 -0.6823819961560229
0.1765779056216958 -1.7366577077909149
3.6153190873669825 -0.9883833986413428
2.2279230260925846 -2.4066421855351354
-2.6052596905846297 -0.8464740971744327
2.8644414273450431 -3.5376303042331063
-1.7646176992394738 2.9046528194187751
1.9740595660764440 -2.9372146951126989
2.2219571768911432 0.3312573020595933
0.3187743750177230 0.6636929997959937
1.3116974073971326 1.1897937645951462
-0.4957773967795456 3.9186957182255675
-2.9748199133827100 2.3799416862908167
-0.6119001786235581 1.2022947225137131
-2.6334085995496705 -2.2228451418053945
-2.8781019264999408 0.6811441416411990
-0.2063160558544119 1.3379635785193971
0.0200941718177781 1.1008716174136728
1.6113928215627009 2.2397767718644781
-0.2195200570041509 -0.0684582783643233
0.7514200876930603 -2.3725830928384770
-3.0587166903039167 1.6909755735894656
0.9658938653889573 1.3739135575758601
2.2936533318239185 0.7822234671859301
-0.2281587306650463 3.3283278992864522
2.3589021952833029 -2.5249813097677496
2.1102423708213420 -3.9616100890220034
2.5547697475945190 -0.2351543190167931
-0.6929522737787703 2.0500844284265218
-1.9288677577565272 -3.2574578598744210
3.4079224931440910 0.5822026618646747
-1.5543902369382794 3.6012573280176499
1.9783418398972197 3.5038163611922792
-2.1621350165019368 2.8115799479470978
-0.5622028896856603 1.4435041966994131
-2.1141672373004026 -1.2983873461557902
1.1482322211285867 1.5561073904571350
-0.4112469875403493 -1.7157565615652164
3.1278809332732189 -2.1583715712384572
-2.2937817738986652 -0.4248159688410409
-2.5796467479610845 0.5194957311740209
3.4195198358318510 0.9388265932923101
0.8277570407207824 2.3020983435785300
-3.7412473432692135 3.4937977002177405
-1.6809691256633732 -1.5857373890705064
-0.5203241833588503 1.4263513454394623
1.8615233980682824 2.9107366387962372
-2.5748078977838844 -0.8738153108888191
-0.1511047616295569 -2.7655374221872808
2.6577472224961989 -0.2219754521316126
2.3623001397333860 0.3118077519337845
-1.3049364572138007 -1.0727359569600008
-3.7657618895087168 3.0764081483079613
1.4802405709958277 -1.5080012580374058
-0.2023299854216241 -0.6286994222687303
-3.7783693608652911 2.8102249901030802
0.4903415224232264 -1.2075789885486019
-3.2320869598095641 3.2948769313232864
-2.4364711572973894 1.1118683475127478
3.7224112141518386 -3.7412578243234744
-1.1320104280426682 -0.1423140594213006
0.0637060925392383 -1.1844168320070905
-1.0393755859265701 2.5461295272390529
2.7809763805493999 -2.9529821193456556
2.4096011645252409 -3.8338406707393844
2.4058336181349702 3.0652573767868780
1.3290719626015557 2.8155359584776951
-2.8371461169460614 -3.1886737470001281
3.1815964011616948 -3.3105469340050231
-1.9645685251940899 -1.6470972835980344
10
-2.1319195442383808 0.0395409033987223
-0.5621095131454022 -0.9365507736928824
0.3485746254610677 -1.1736402918368476
1.8863744780712486 0.0907817953769384
1.8249538458925848 0.7536750469958836
1.6104523706340535 0.9621928088110658
0.1287346897263454 1.4375656396154796
-1.4537268736154378 1.5848375829047325
-1.9824414441850776 1.5104065626161348
-2.3353247296984637 0.5746456126824404
